	a	b	c	d	e	f	g	h	i	j	k	l	m	n	o	p	q	r	s	t	u	v	w	x	y	z	eps
a	0.76	0.001	0.001	0.001	0.01	0.001	0.001	0.005	0.04	0.001	0.001	0.005	0.001	0.001	0.005	0.005	0.001	0.001	0.01	0.001	0.005	0.005	0.001	0.001	0.005	0.001	0.13
b	0.005	0.75	0.001	0.005	0.005	0.005	0.01	0.01	0.005	0.005	0.005	0.005	0.01	0.005	0.005	0.005	0.005	0.005	0.005	0.005	0.005	0.01	0.001	0.001	0.001	0.001	0.125
c	0.005	0.001	0.702	0.005	0.01	0.005	0.005	0.005	0.005	0.005	0.05	0.005	0.001	0.001	0.01	0.005	0.005	0.005	0.005	0.005	0.005	0.01	0.005	0.005	0.005	0.005	0.125
d	0.005	0.005	0.005	0.75	0.005	0.005	0.005	0.005	0.005	0.005	0.005	0.005	0.005	0.005	0.005	0.005	0.005	0.005	0.005	0.005	0.005	0.005	0.005	0.005	0.005	0.005	0.125
e	0.015	0.005	0.005	0.005	0.66	0.005	0.005	0.005	0.07	0.005	0.005	0.02	0.005	0.005	0.01	0.001	0.005	0.02	0.005	0.005	0.005	0.005	0.001	0.001	0.001	0.001	0.125
f	0.005	0.005	0.005	0.005	0.005	0.75	0.005	0.005	0.005	0.005	0.005	0.005	0.005	0.005	0.005	0.005	0.005	0.005	0.005	0.005	0.005	0.005	0.005	0.005	0.005	0.005	0.125
g	0.005	0.005	0.005	0.005	0.005	0.005	0.75	0.005	0.005	0.005	0.005	0.005	0.005	0.005	0.005	0.005	0.005	0.005	0.005	0.005	0.005	0.005	0.005	0.005	0.005	0.005	0.125
h	0.005	0.005	0.005	0.005	0.005	0.005	0.005	0.74	0.005	0.005	0.005	0.005	0.005	0.005	0.005	0.005	0.005	0.005	0.005	0.01	0.001	0.001	0.001	0.001	0.001	0.005	0.15
i	0.005	0.001	0.001	0.001	0.07	0.005	0.005	0.005	0.683	0.005	0.005	0.005	0.001	0.001	0.005	0.005	0.001	0.005	0.005	0.005	0.005	0.001	0.005	0.005	0.01	0.005	0.15
j	0.005	0.005	0.005	0.005	0.005	0.005	0.005	0.005	0.01	0.753	0.005	0.005	0.005	0.005	0.005	0.005	0.005	0.005	0.005	0.001	0.005	0.005	0.005	0.005	0.005	0.001	0.125
k	0.005	0.005	0.005	0.005	0.005	0.005	0.005	0.005	0.005	0.005	0.75	0.005	0.005	0.005	0.005	0.005	0.005	0.005	0.005	0.005	0.005	0.005	0.005	0.005	0.005	0.005	0.125
l	0.005	0.005	0.005	0.005	0.005	0.005	0.005	0.005	0.005	0.005	0.005	0.75	0.005	0.005	0.005	0.005	0.005	0.005	0.005	0.005	0.005	0.005	0.005	0.005	0.005	0.005	0.125
m	0.005	0.005	0.005	0.005	0.005	0.005	0.005	0.005	0.005	0.005	0.005	0.005	0.7	0.05	0.005	0.001	0.001	0.001	0.001	0.001	0.005	0.001	0.001	0.001	0.001	0.001	0.17
n	0.005	0.005	0.005	0.005	0.005	0.005	0.005	0.005	0.005	0.005	0.005	0.005	0.05	0.7	0.005	0.005	0.001	0.001	0.001	0.001	0.001	0.001	0.001	0.001	0.001	0.001	0.17
o	0.005	0.005	0.005	0.005	0.005	0.005	0.005	0.005	0.005	0.005	0.005	0.005	0.005	0.005	0.75	0.005	0.005	0.005	0.005	0.005	0.005	0.005	0.005	0.005	0.005	0.005	0.125
p	0.005	0.005	0.005	0.005	0.005	0.005	0.005	0.005	0.005	0.005	0.005	0.005	0.005	0.005	0.005	0.75	0.005	0.005	0.005	0.005	0.005	0.005	0.005	0.005	0.005	0.005	0.125
q	0.005	0.005	0.005	0.005	0.005	0.005	0.005	0.005	0.005	0.005	0.005	0.005	0.005	0.005	0.005	0.005	0.75	0.005	0.005	0.005	0.005	0.005	0.005	0.005	0.005	0.005	0.125
r	0.005	0.005	0.005	0.005	0.005	0.005	0.001	0.005	0.001	0.005	0.005	0.005	0.005	0.005	0.005	0.005	0.005	0.67	0.005	0.03	0.005	0.005	0.001	0.005	0.001	0.001	0.2
s	0.005	0.005	0.005	0.005	0.005	0.005	0.005	0.005	0.005	0.005	0.005	0.005	0.005	0.005	0.005	0.005	0.005	0.005	0.75	0.005	0.005	0.005	0.005	0.005	0.005	0.005	0.125
t	0.005	0.005	0.005	0.005	0.005	0.005	0.005	0.005	0.005	0.005	0.005	0.005	0.005	0.005	0.005	0.005	0.005	0.005	0.005	0.75	0.005	0.005	0.005	0.005	0.005	0.005	0.125
u	0.005	0.001	0.001	0.001	0.005	0.001	0.005	0.005	0.02	0.005	0.005	0.005	0.005	0.005	0.03	0.005	0.005	0.005	0.005	0.005	0.725	0.005	0.005	0.005	0.01	0.001	0.125
v	0.005	0.005	0.005	0.005	0.005	0.005	0.005	0.005	0.005	0.005	0.005	0.005	0.005	0.005	0.005	0.005	0.005	0.005	0.005	0.005	0.005	0.75	0.005	0.005	0.005	0.005	0.125
w	0.005	0.005	0.005	0.005	0.005	0.005	0.005	0.005	0.005	0.005	0.005	0.005	0.005	0.005	0.005	0.005	0.005	0.005	0.005	0.005	0.005	0.005	0.775	0.005	0.005	0.005	0.1
x	0.005	0.005	0.01	0.005	0.005	0.005	0.005	0.005	0.005	0.005	0.005	0.005	0.001	0.001	0.001	0.001	0.001	0.001	0.005	0.001	0.001	0.005	0.005	0.762	0.005	0.02	0.125
y	0.005	0.001	0.005	0.005	0.005	0.005	0.005	0.01	0.03	0.005	0.005	0.005	0.005	0.005	0.005	0.005	0.001	0.001	0.001	0.005	0.01	0.001	0.005	0.005	0.735	0.005	0.125
z	0.01	0.0005	0.0005	0.005	0.01	0.005	0.005	0.02	0.005	0.005	0.001	0.0005	0.0005	0.0005	0.01	0.0005	0.005	0.005	0.03	0.0005	0.02	0.005	0.0005	0.02	0.02	0.69	0.125
eps	0.004807692	0.001	0.004807692	0.004807692	0.004807692	0.001	0.001	0.001	0.004807692	0.001	0.004807692	0.004807692	0.01	0.02	0.004807692	0.02	0.001	0.02	0.015	0.004807692	0.004807692	0.004807692	0.001	0.004807692	0.004807692	0.004807692	0